61
79
103
91
112
123
128
131
167
174
177
181
99
164
105
209
55
57
95
250
228
56
251
252
59
60
253
61
62
63
229
232
68
237
71
65
72
66
225
76
73
70
77
254
74
255
231
75
69
67
64
135
84
79
222
247
78
196
81
82
257
258
86
259
85
260
87
118
338
89
90
93
92
261
94
96
97
187
111
98
100
101
262
241
234
102
103
115
263
264
104
109
106
91
107
226
112
113
245
265
266
114
108
110
116
119
267
268
117
219
120
126
122
121
125
123
269
127
128
83
129
131
130
132
133
270
271
137
134
138
146
139
143
140
141
272
144
145
273
151
149
158
159
238
152
227
274
275
157
239
276
150
277
148
278
154
155
279
147
156
153
160
280
166
243
233
167
163
161
162
281
282
283
165
168
169
284
285
170
173
178
171
172
174
177
175
179
304
180
181
182
286
287
244
288
289
249
290
291
292
183
185
189
293
186
220
337
191
192
242
188
215
294
136
339
99
142
184
190
295
194
193
80
204
199
205
198
164
296
197
297
298
201
202
203
200
299
300
206
207
58
105
209
302
208
248
210
221
211
212
224
213
214
216
217
218